%% homework data

T = [0:10 20:10:100]';
Vh2o = 1 + [0.0001329 ...
    0.0000733 ...
    0.0000321 ...
    0.0000078 ...
    0 ...
    0.0000081 ...
    0.0000318 ...
    0.0000704 ...
    0.0001236 ...
    0.0001909 ...
    0.0002719 ...
    0.0015678 ...
    0.0043408 ...
    0.0078108 ...
    0.012074 ...
    0.017046 ...
    0.022694 ...
    0.028987 ...
    0.035904 ...
    0.043427]';

%% histograms



%% functions